Summary of numbers of nucleotides at each position
Alignment: C:\Users\madronay\Documents\Ubuntu_shared\blast\Fc\heavy_chain_aligned_filtered_bioedit.bio

Position	A	C	D	E	F	G	H	I	K	L	M	N	P	Q	R	S	T	V	W	Y	GAP

     1	1	61	0	23	0	4	0	0	0	21	0	0	0	0	0	25	183	1	0	0	0
     2	1	183	0	0	0	0	11	0	40	34	0	0	25	0	0	1	1	23	0	0	0
     3	0	0	0	1	24	22	0	0	11	23	0	0	227	0	0	10	0	1	0	0	0
     4	0	59	0	0	0	36	0	0	0	25	0	0	183	1	0	11	0	4	0	0	0
     5	2	183	0	0	28	13	0	40	0	11	0	2	39	0	0	1	0	0	0	0	0
     6	19	40	0	0	0	2	0	2	0	0	0	0	234	0	1	21	0	0	0	0	0
     7	183	0	0	1	0	1	0	0	0	6	0	0	43	1	0	23	40	21	0	0	0
     8	4	0	2	6	21	2	0	0	24	0	0	11	184	0	0	0	0	63	0	0	0
     9	0	0	0	181	29	2	0	21	1	13	0	0	68	2	1	1	0	0	0	0	0
     10	0	0	0	52	21	0	0	0	23	214	0	1	2	0	0	4	0	2	0	0	0
     11	0	0	24	0	24	19	0	0	0	183	0	0	22	0	0	6	0	40	0	1	0
     12	0	0	0	0	0	202	0	0	4	1	0	0	44	1	0	0	25	2	0	0	40
     13	0	0	0	0	3	183	0	0	21	25	0	0	42	0	0	4	0	1	0	0	40
     14	0	0	0	0	0	0	0	23	23	0	24	0	185	0	0	19	4	0	0	1	40
     15	0	0	0	0	2	0	0	24	21	0	0	0	25	0	0	223	1	19	0	0	4
     16	0	0	21	0	19	0	0	0	24	1	0	0	2	0	0	65	0	183	0	0	4
     17	0	0	23	0	183	0	0	13	0	6	0	0	4	0	25	4	0	61	0	0	0
     18	0	0	0	1	59	4	0	0	3	204	0	0	1	0	0	0	47	0	0	0	0
     19	0	0	1	1	182	4	0	41	0	23	21	0	45	0	0	1	0	0	0	0	0
     20	0	0	0	24	40	0	0	21	2	0	24	0	202	0	1	0	5	0	0	0	0
     21	4	0	3	0	0	0	0	23	8	1	0	11	223	0	0	21	1	24	0	0	0
     22	6	0	0	1	0	0	0	13	184	21	1	0	46	0	0	23	24	0	0	0	0
     23	0	24	0	0	0	0	0	1	59	7	0	1	183	0	23	21	0	0	0	0	0
     24	0	0	19	0	0	4	0	0	183	0	2	0	61	1	0	1	24	24	0	0	0
     25	0	4	183	0	0	0	0	11	41	0	12	0	23	0	1	0	6	38	0	0	0
     26	0	0	40	23	0	0	0	0	0	23	0	1	0	0	0	3	184	45	0	0	0
     27	0	0	24	0	0	0	0	0	0	186	19	0	1	1	0	0	23	65	0	0	0
     28	0	21	0	1	0	0	0	19	4	40	183	0	0	0	0	0	26	25	0	0	0
     29	0	24	4	0	0	0	0	183	0	2	0	0	2	0	0	44	38	22	0	0	0
     30	0	0	0	0	0	0	24	40	2	15	0	0	0	0	6	183	1	44	0	4	0
     31	0	1	0	24	4	0	0	0	0	0	0	0	0	0	183	2	58	47	0	0	0
     32	0	1	45	0	0	0	0	0	1	38	0	0	23	0	0	0	185	26	0	0	0
     33	0	2	23	10	0	1	0	0	11	1	2	0	207	0	0	0	40	22	0	0	0
     34	0	0	0	207	1	0	0	0	0	0	0	0	44	0	0	21	0	46	0	0	0
     35	0	0	1	21	0	0	0	0	41	0	0	0	0	0	0	23	19	213	0	1	0
     36	0	19	21	0	0	1	23	0	0	0	0	0	1	24	0	0	187	43	0	0	0
     37	0	183	23	23	25	0	0	0	0	0	0	0	0	0	0	2	40	23	0	0	0
     38	0	40	24	0	0	0	1	0	0	0	0	24	21	0	0	4	0	204	0	1	0
     39	0	0	21	1	0	0	0	1	0	0	0	0	24	0	0	2	0	242	28	0	0
     40	1	0	20	15	0	0	0	0	0	0	0	4	0	10	0	1	0	244	0	24	0
     41	0	0	186	0	0	0	0	0	0	0	0	0	1	21	0	0	0	107	0	0	4
     42	0	0	66	1	0	0	0	22	10	0	0	0	0	14	0	19	0	183	0	0	4
     43	1	0	0	13	23	24	0	40	0	0	0	0	2	6	0	204	0	1	1	0	4
     44	0	0	15	7	0	0	183	0	14	0	3	10	0	0	0	44	0	22	21	0	0
     45	0	0	19	208	22	4	0	0	40	0	0	0	0	0	0	1	0	2	23	0	0
     46	4	0	223	0	0	0	2	0	0	0	0	2	19	0	0	0	0	45	1	23	0
     47	0	0	53	7	0	1	24	0	0	4	0	21	183	0	0	0	0	25	1	0	0
     48	0	0	23	182	0	0	0	0	0	0	0	45	40	2	0	3	4	19	0	1	0
     49	24	0	0	40	0	23	0	0	0	0	0	1	1	19	0	4	0	205	2	0	0
     50	0	0	1	22	8	5	0	13	207	0	0	0	0	0	0	0	0	63	0	0	0
     51	0	0	0	13	183	1	0	0	0	0	0	7	0	51	0	13	24	27	0	0	0
     52	0	0	2	0	40	0	13	0	24	12	0	184	1	0	0	0	0	24	19	0	0
     53	0	0	0	1	13	0	23	0	0	0	0	2	24	1	0	40	25	0	183	7	0
     54	21	0	0	0	4	0	0	0	3	0	0	24	0	0	24	0	0	20	40	183	0
     55	23	0	6	26	40	0	1	0	0	0	0	14	4	21	0	0	1	183	0	0	0
     56	4	0	182	24	0	6	0	0	23	0	0	15	0	0	0	0	22	42	0	1	0
     57	1	0	40	0	0	183	2	0	1	0	0	0	1	45	0	0	23	23	0	0	0
     58	0	0	38	19	24	0	0	0	24	4	0	2	1	0	0	0	24	182	0	0	1
     59	2	0	0	181	0	0	21	0	0	6	0	24	17	5	0	0	2	60	0	0	1
     60	0	0	0	40	0	0	17	0	1	3	0	0	1	0	43	28	0	182	3	0	1
     61	0	0	1	44	0	0	182	0	0	0	0	6	2	0	0	4	39	40	0	0	1
     62	19	0	21	13	24	4	40	0	0	0	0	182	0	12	1	1	0	1	0	0	1
     63	182	0	1	1	0	0	0	0	6	5	0	0	2	36	24	0	40	0	0	21	1
     64	40	0	1	0	3	1	0	0	181	0	0	21	0	1	3	0	19	24	0	24	1
     65	0	0	0	2	0	0	0	0	6	0	0	23	0	54	0	27	182	24	0	0	1
     66	2	0	1	0	1	0	0	0	182	4	0	0	6	0	0	47	74	0	0	1	1
     67	0	0	0	0	1	1	13	0	8	21	0	1	182	34	7	4	23	23	0	0	1
     68	0	0	0	6	13	1	0	0	0	25	0	0	40	0	215	6	0	0	0	12	1
     69	0	0	0	200	1	1	0	0	0	0	0	2	0	0	63	0	25	25	0	1	1
     70	0	0	13	221	1	0	0	0	0	0	0	0	0	7	0	3	0	72	0	1	1
     71	0	0	0	40	6	0	0	0	1	1	0	0	0	182	1	21	6	47	0	13	1
     72	21	0	0	0	2	1	24	0	0	1	0	19	0	40	0	22	0	5	0	183	1
     73	0	0	0	0	37	0	0	3	0	21	0	181	4	24	2	20	1	24	0	0	1
     74	0	0	24	0	0	0	0	0	1	23	0	40	21	0	0	187	19	3	0	0	1
     75	0	0	1	0	0	0	0	32	0	3	0	0	0	0	0	43	204	3	24	6	1
     76	0	0	0	0	0	0	0	0	1	25	0	0	0	21	19	6	40	23	0	181	1
     77	2	1	0	0	39	0	21	0	0	27	0	24	0	0	180	1	1	20	0	0	1
     78	0	0	1	0	0	28	23	0	0	2	0	0	0	21	40	0	0	201	0	0	1
     79	0	0	21	0	0	0	0	0	25	1	0	0	2	23	0	56	4	183	1	0	1
     80	8	0	13	24	0	0	1	2	0	0	0	10	0	5	0	182	5	45	21	0	1
     81	0	0	0	0	0	0	0	0	0	19	21	0	0	4	1	39	4	181	23	24	1
     82	2	0	0	37	0	1	2	0	24	204	0	1	13	0	0	21	6	0	1	4	1
     83	0	24	10	0	0	21	0	17	0	39	0	14	0	3	0	0	181	6	1	0	1
     84	0	4	2	0	0	23	0	0	45	5	0	0	39	14	0	0	0	184	0	0	1
     85	0	0	1	21	1	1	19	39	23	181	0	4	0	0	0	0	0	24	2	0	1
     86	0	0	0	23	21	1	181	0	0	0	41	1	0	19	0	25	0	4	0	0	1
     87	0	1	19	0	0	0	39	0	22	0	0	28	0	181	2	0	0	1	0	23	1
     88	0	21	180	1	1	2	4	0	47	0	0	1	0	39	0	1	0	0	19	0	1
     89	0	23	39	0	0	24	0	0	27	6	13	0	0	0	0	1	0	1	181	1	1
     90	0	1	0	2	0	0	0	0	24	205	1	5	4	0	0	13	0	21	39	0	1
     91	0	1	2	0	2	19	1	0	0	38	0	199	25	0	0	6	0	23	0	0	1
     92	24	0	0	1	0	181	0	0	22	0	0	64	0	0	0	23	0	1	0	0	1
     93	1	2	0	19	0	39	0	0	203	0	1	23	24	0	0	0	4	1	0	0	0
     94	10	0	11	182	13	0	1	24	68	1	0	0	0	0	0	1	0	0	0	6	0
     95	23	0	0	63	0	0	1	0	19	21	0	1	0	0	0	0	0	6	0	182	0
     96	0	19	4	0	38	1	0	0	207	23	0	3	21	0	0	0	0	0	0	0	0
     97	22	182	0	0	0	0	1	0	61	1	0	2	23	0	0	0	24	0	0	0	0
     98	23	38	0	0	0	0	1	24	187	1	0	0	21	0	1	0	0	19	0	1	0
     99	2	0	0	0	0	0	0	21	0	0	0	14	24	0	38	30	1	186	0	0	0
     100	1	0	0	25	0	0	1	23	24	2	0	18	0	1	0	182	0	38	0	0	0
     101	0	0	0	23	0	0	0	0	18	0	0	220	7	0	23	0	24	0	0	1	0
     102	4	0	11	0	0	6	0	1	233	0	0	0	0	0	0	39	22	0	0	0	0
     103	220	0	0	1	0	24	0	21	0	20	0	0	2	1	0	4	23	0	0	0	0
     104	38	4	0	0	2	0	0	25	2	180	0	0	19	24	0	22	0	0	0	0	0
     105	2	0	4	2	38	0	0	0	21	1	0	0	206	0	0	41	1	0	0	0	0
     106	182	0	0	0	0	0	0	1	27	1	0	0	72	0	26	7	0	0	0	0	0
     107	49	0	0	24	0	0	0	19	21	0	0	0	183	0	0	2	18	0	0	0	0
     108	0	0	0	19	0	22	4	182	24	1	0	0	62	0	0	0	0	0	0	0	2
     109	1	0	0	182	0	23	0	38	9	0	0	0	0	24	11	24	4	0	0	0	0
     110	0	4	0	38	0	0	0	0	185	0	0	0	1	23	0	0	19	45	0	0	0
     111	0	0	0	0	0	2	0	19	38	0	0	0	29	0	21	0	182	0	0	24	0
     112	21	0	0	0	0	0	0	180	2	0	0	0	4	1	23	19	62	0	0	0	2
     113	0	4	0	23	0	2	0	38	18	24	0	0	22	0	0	182	0	0	0	0	0
     114	6	0	0	0	0	4	0	11	181	0	0	1	49	21	3	38	0	0	0	0	0
     115	184	0	0	1	0	4	0	0	54	0	0	0	24	23	2	0	0	21	0	0	0
     116	0	0	0	0	0	23	0	0	182	0	0	0	1	2	0	24	38	23	0	21	0
     117	0	0	0	0	0	182	0	2	38	9	0	0	2	7	24	4	2	21	0	23	0
     118	0	0	0	24	0	38	0	0	0	21	0	0	8	182	0	4	23	14	0	0	0
     119	0	0	0	24	0	4	0	0	2	23	0	0	203	2	55	0	0	0	0	1	0
     120	13	0	0	6	0	4	0	0	0	0	24	0	82	0	182	0	1	2	0	0	0
     121	0	0	0	182	0	4	0	0	36	1	0	0	63	0	2	0	24	0	0	2	0
     122	38	0	0	21	0	0	0	0	24	0	0	0	182	19	0	28	2	0	0	0	0
     123	0	0	0	21	0	4	0	2	0	0	0	24	37	182	23	2	0	19	0	0	0
     124	0	0	0	44	0	4	0	0	0	0	0	0	2	62	0	1	0	182	0	19	0
     125	0	0	0	23	0	0	0	10	0	0	21	0	2	4	1	0	7	64	0	182	0
     126	1	0	0	1	0	0	0	0	0	19	23	0	6	0	0	24	202	0	0	38	0
     127	0	0	0	1	0	0	0	0	21	206	0	0	17	0	6	2	61	0	0	0	0
     128	0	0	0	6	0	0	0	38	44	0	1	0	201	0	0	0	24	0	0	0	0
     129	0	24	0	0	0	0	0	0	0	0	0	23	237	23	0	6	1	0	0	0	0
     130	11	0	0	0	0	0	0	0	1	24	2	0	40	33	0	182	0	21	0	0	0
     131	0	0	0	19	0	0	0	0	0	0	0	1	38	1	181	2	21	51	0	0	0
     132	0	0	74	116	0	0	0	1	64	21	0	0	0	12	0	22	0	0	0	4	0
     133	0	0	0	220	0	24	0	0	2	34	8	0	0	0	0	0	25	1	0	0	0
     134	0	21	0	0	24	0	0	0	2	78	107	0	0	38	0	12	31	1	0	0	0
     135	0	23	0	0	0	0	0	0	8	1	59	0	4	0	11	0	182	2	0	24	0
     136	38	0	0	1	0	0	0	0	194	23	0	6	28	0	0	2	1	21	0	0	0
     137	0	1	11	2	0	0	0	0	38	2	0	182	0	6	0	28	21	23	0	0	0
     138	0	0	83	0	2	0	0	0	23	1	0	0	0	182	4	0	2	17	0	0	0
     139	0	2	4	0	21	23	0	24	38	0	0	0	0	0	0	19	0	183	0	0	0
     140	24	0	0	4	23	0	0	0	1	21	21	0	0	0	0	182	0	38	0	0	0
     141	0	0	0	0	0	1	0	0	0	186	0	0	21	0	0	38	19	26	0	23	0
     142	0	19	0	45	1	0	0	0	0	38	0	0	23	0	0	0	188	0	0	0	0
     143	0	182	21	0	0	0	0	0	4	17	2	2	0	0	0	23	38	0	24	1	0
     144	2	38	23	24	2	0	0	23	0	182	0	4	1	0	0	0	0	15	0	0	0
     145	0	0	0	0	2	0	0	23	6	0	38	0	0	4	0	25	2	193	0	21	0
     146	24	0	1	0	0	18	0	38	182	0	0	24	0	0	0	2	0	25	0	0	0
     147	0	0	0	23	19	206	0	1	0	0	1	0	0	0	0	4	38	22	0	0	0
     148	3	0	36	23	182	0	0	0	0	6	0	11	0	24	0	2	0	0	21	6	0
     149	0	0	0	0	38	0	0	2	0	0	0	0	43	0	0	0	25	1	23	182	0
     150	2	4	0	50	38	9	0	0	0	0	0	21	182	0	0	8	0	0	0	0	0
     151	0	0	17	2	0	0	0	0	0	4	0	45	38	0	0	205	0	2	1	0	0
     152	0	0	182	41	0	21	0	19	0	0	0	40	0	0	0	7	0	4	0	0	0
     153	8	0	38	0	0	23	0	182	25	0	0	0	0	0	0	12	0	0	2	24	0
     154	182	0	0	2	0	4	0	38	24	0	0	1	0	23	0	0	21	19	0	0	0
     155	1	0	2	38	4	1	0	0	0	0	0	0	23	0	2	0	61	182	0	0	0
     156	0	0	0	205	0	0	0	0	0	21	0	2	0	1	0	0	24	38	19	4	0
     157	0	0	0	44	0	2	0	0	0	0	0	44	29	0	0	0	13	0	182	0	0
     158	0	0	0	184	0	0	0	0	0	0	0	23	24	0	0	23	0	1	38	21	0
     159	0	0	4	0	0	0	0	0	21	2	24	20	0	38	0	182	0	0	0	23	0
     160	0	0	0	2	0	19	0	4	11	24	0	215	0	0	0	2	0	0	36	0	0
     161	4	0	26	0	0	182	11	0	0	0	0	36	0	8	2	0	44	0	0	1	0
     162	0	0	2	22	0	38	0	0	1	0	0	0	6	181	0	24	36	4	0	0	0
     163	0	0	24	23	0	0	0	0	0	0	0	0	226	38	0	0	1	0	0	2	0
     164	2	0	0	192	0	24	0	0	2	0	0	6	59	2	0	0	1	21	4	0	0
     165	36	0	1	4	0	0	0	0	0	21	12	202	3	0	0	24	0	11	0	0	0
     166	0	0	21	38	24	0	0	0	0	23	0	182	1	0	0	4	2	0	0	19	0
     167	0	0	23	0	24	0	0	0	19	0	0	42	2	0	0	21	0	1	0	182	0
     168	0	0	32	0	1	4	0	0	182	24	0	2	2	0	0	23	6	0	0	38	0
     169	0	0	24	0	0	21	0	2	38	0	0	0	0	4	0	0	201	0	0	24	0
     170	13	0	0	0	0	23	0	0	0	2	0	38	10	0	0	46	182	0	0	0	0
     171	0	0	3	4	0	0	0	0	24	0	0	0	199	0	0	23	40	0	0	21	0
     172	0	0	0	0	44	1	0	0	0	24	0	4	182	38	0	2	0	19	0	0	0
     173	0	0	2	0	23	0	0	0	0	19	21	4	38	0	0	1	24	182	0	0	0
     174	0	0	19	0	1	2	0	38	0	205	0	0	0	0	0	0	0	24	0	25	0
     175	0	0	206	0	1	0	0	0	4	0	38	0	0	0	0	40	2	0	0	23	0
     176	0	0	52	0	0	0	0	0	45	1	0	5	0	0	0	205	4	0	0	2	0
     177	0	0	181	0	2	19	0	0	23	21	0	0	0	0	0	24	42	1	0	1	0
     178	0	0	33	0	0	182	0	0	0	25	0	5	4	0	45	20	0	0	0	0	0
     179	0	0	0	0	6	38	0	0	1	0	0	0	4	0	0	182	23	21	24	15	0
     180	0	0	0	21	200	0	0	0	0	2	0	0	0	24	0	40	0	27	0	0	0
     181	0	0	23	0	182	0	0	11	23	10	2	0	0	24	0	0	1	0	0	38	0
     182	0	0	4	0	38	24	0	0	44	184	0	0	0	0	0	0	0	1	0	19	0
     183	0	0	1	0	0	0	0	1	0	0	0	45	0	0	0	46	2	37	0	182	0
     184	0	0	4	0	0	0	0	1	14	0	0	0	0	0	29	182	0	25	21	38	0
     185	0	0	2	0	24	4	0	0	182	19	0	0	0	0	0	39	0	21	23	0	0
     186	0	0	4	21	0	0	0	0	38	182	0	7	0	23	3	28	8	0	0	0	0
     187	0	24	2	0	4	0	0	4	0	38	7	0	0	23	21	0	182	8	1	0	0
     188	0	0	6	0	4	23	0	0	11	0	0	59	0	3	0	26	0	182	0	0	0
     189	0	0	181	0	0	1	0	0	8	4	0	23	0	1	0	21	11	62	2	0	0
     190	0	0	0	0	0	1	0	13	182	2	24	0	0	38	0	19	0	10	0	25	0
     191	0	0	0	0	23	0	24	0	49	0	0	1	0	2	5	207	2	0	0	0	0
     192	0	21	0	24	0	2	0	0	4	0	0	0	0	0	182	61	0	1	19	0	0
     193	23	23	0	15	1	0	0	0	0	4	0	38	0	6	0	21	0	1	182	0	0
     194	0	0	0	6	0	0	0	2	11	24	0	0	0	182	2	24	4	21	38	0	0
     195	0	1	0	38	2	8	24	0	0	0	0	0	0	182	0	0	11	48	0	0	0
     196	38	0	15	0	0	182	21	0	0	0	23	30	0	0	0	3	2	0	0	0	0
     197	0	2	0	21	0	38	47	0	4	2	0	182	0	0	0	11	0	7	0	0	0
     198	0	0	0	23	19	21	0	1	0	0	1	38	0	0	0	6	0	181	0	24	0
     199	25	0	0	0	182	0	1	0	0	21	0	0	0	0	4	17	61	2	0	0	0
     200	0	19	0	1	38	0	21	0	0	23	0	0	0	24	0	182	0	2	4	0	0
     201	1	182	0	0	0	0	25	0	24	0	0	32	0	4	0	8	38	0	0	0	0
     202	0	38	0	2	0	0	21	0	0	1	0	23	0	4	0	206	0	19	0	0	0
     203	2	0	0	0	0	4	33	0	0	24	6	0	0	0	23	38	0	184	0	0	0
     204	0	0	0	0	6	0	19	0	0	2	180	7	0	0	0	24	21	38	0	17	0
     205	0	0	0	19	0	0	184	0	0	63	0	0	0	0	0	0	44	4	0	0	0
     206	6	0	0	182	4	13	38	0	21	0	0	2	0	23	0	24	0	0	0	1	0
     207	172	0	0	38	0	10	2	0	23	19	0	0	24	0	0	25	1	0	0	0	0
     208	0	4	0	0	20	61	10	0	11	183	0	0	0	1	0	23	0	0	0	0	0
     209	0	0	0	0	0	0	182	0	23	61	0	19	0	0	0	25	2	0	0	0	0
     210	0	0	1	0	0	0	46	0	0	0	0	181	0	2	19	24	0	4	0	11	0
     211	0	0	0	0	0	0	181	0	2	26	4	38	0	0	0	0	19	0	0	17	0
     212	0	0	0	0	0	0	42	0	0	11	0	2	19	0	0	14	8	0	0	182	0
     213	0	0	0	4	0	19	38	0	11	3	0	0	13	6	0	0	184	0	0	0	0
     214	4	0	0	0	0	12	0	0	37	0	0	0	0	182	0	2	38	0	0	0	0
     215	0	0	0	38	0	0	0	0	194	4	0	0	0	0	2	6	13	0	0	0	0
     216	0	0	0	0	0	0	4	13	38	6	0	0	0	0	0	184	0	0	0	0	0
     217	0	0	0	0	0	0	0	0	0	182	0	5	2	0	0	56	0	0	0	0	0
     218	0	0	0	0	0	2	4	0	0	44	0	0	0	0	13	182	0	0	0	0	0
     219	0	0	0	0	0	0	0	0	2	182	0	0	0	0	0	57	0	0	0	4	0
     220	0	0	0	0	0	0	36	0	0	8	0	0	11	0	0	182	4	0	0	0	0
     221	0	0	0	0	0	19	0	0	0	4	0	0	178	4	0	36	0	0	0	0	0
     222	0	0	0	0	0	181	0	0	23	0	0	0	36	0	0	0	0	0	0	0	0
     223	0	0	0	0	0	36	0	0	179	0	0	0	0	0	0	4	0	0	0	0	0
     224	0	0	0	0	0	0	0	0	35	4	0	0	0	0	0	0	0	0	0	0	0
     225	0	0	0	0	0	0	0	0	0	0	0	0	0	0	0	4	0	0	0	0	0
     226	0	0	0	0	0	0	0	0	0	4	0	0	0	0	0	0	0	0	0	0	0
     227	0	0	0	0	0	0	0	0	0	0	0	0	0	0	0	4	0	0	0	0	0
     228	0	0	0	0	0	0	0	0	0	0	0	0	4	0	0	0	0	0	0	0	0
     229	0	0	0	0	0	4	0	0	0	0	0	0	0	0	0	0	0	0	0	0	0
     230	0	0	0	0	0	0	0	0	4	0	0	0	0	0	0	0	0	0	0	0	0
